cl_global =0.09999999998883699
v_factor = 1
original_surface = 1, using surface: 1
cl_min = 0.0, cl_max = 0.2, chord_min = 0.08, chord_max = 0.292
reynolds_min = 210000
reynolds_max = 810000
reynolds_steps = 75000
number of wing segments per halfspan: 3
right wing
inner_airfoil: /Users/jannik/Documents/GitHub/mace/data/airfoils/ag19.dat, outer_airfoil: /Users/jannik/Documents/GitHub/mace/data/airfoils/ag19.dat
cl_of_alfa_zero (profile) = 0.2348
cl_min of wing = 0.0
cl_min of wing < cl_of_alfa_zero = True
cl_of_alfa_zero (profile) = 0.2348
cl_min of wing = 0.0
cl_min of wing < cl_of_alfa_zero = True
alfa_min = [-3, -3], alfa_max = [0, 0], alfa_step = 1
alfa_min = [-3, -3], alfa_max = [0, 0], alfa_step = 1
list_of_reynolds = [210000. 360000. 510000. 660000. 810000.]
reynolds: 210000.0
inner_polar: [ 0.       0.2348   0.0073   0.00239 -0.0517   0.9865   1.     ]
inner_polar_below_zero: [[ 0.000e+00  2.348e-01  7.300e-03  2.390e-03 -5.170e-02  9.865e-01
   1.000e+00]
 [-1.000e+00  1.070e-01  6.950e-03  2.490e-03 -4.750e-02  1.000e+00
   1.000e+00]
 [-2.000e+00  6.000e-03  1.060e-02  3.310e-03 -4.950e-02  1.000e+00
   7.260e-02]
 [-3.000e+00 -1.030e-01  1.525e-02  8.210e-03 -5.100e-02  1.000e+00
   3.030e-02]]
inner_polar: [[ 0.000e+00  2.348e-01  7.300e-03  2.390e-03 -5.170e-02  9.865e-01
   1.000e+00]
 [ 0.000e+00  2.348e-01  7.300e-03  2.390e-03 -5.170e-02  9.865e-01
   1.000e+00]
 [-1.000e+00  1.070e-01  6.950e-03  2.490e-03 -4.750e-02  1.000e+00
   1.000e+00]
 [-2.000e+00  6.000e-03  1.060e-02  3.310e-03 -4.950e-02  1.000e+00
   7.260e-02]
 [-3.000e+00 -1.030e-01  1.525e-02  8.210e-03 -5.100e-02  1.000e+00
   3.030e-02]]
inner_polar sorted: [[-3.000e+00 -1.030e-01  1.525e-02  8.210e-03 -5.100e-02  1.000e+00
   3.030e-02]
 [-2.000e+00  6.000e-03  1.060e-02  3.310e-03 -4.950e-02  1.000e+00
   7.260e-02]
 [-1.000e+00  1.070e-01  6.950e-03  2.490e-03 -4.750e-02  1.000e+00
   1.000e+00]
 [ 0.000e+00  2.348e-01  7.300e-03  2.390e-03 -5.170e-02  9.865e-01
   1.000e+00]
 [ 0.000e+00  2.348e-01  7.300e-03  2.390e-03 -5.170e-02  9.865e-01
   1.000e+00]]
outer_polar: [ 0.       0.2348   0.0073   0.00239 -0.0517   0.9865   1.     ]
outer_polar_below_zero: [[ 0.000e+00  2.348e-01  7.300e-03  2.390e-03 -5.170e-02  9.865e-01
   1.000e+00]
 [-1.000e+00  1.070e-01  6.950e-03  2.490e-03 -4.750e-02  1.000e+00
   1.000e+00]
 [-2.000e+00  6.000e-03  1.060e-02  3.310e-03 -4.950e-02  1.000e+00
   7.260e-02]
 [-3.000e+00 -1.030e-01  1.525e-02  8.210e-03 -5.100e-02  1.000e+00
   3.030e-02]]
outer_polar: [[ 0.000e+00  2.348e-01  7.300e-03  2.390e-03 -5.170e-02  9.865e-01
   1.000e+00]
 [ 0.000e+00  2.348e-01  7.300e-03  2.390e-03 -5.170e-02  9.865e-01
   1.000e+00]
 [-1.000e+00  1.070e-01  6.950e-03  2.490e-03 -4.750e-02  1.000e+00
   1.000e+00]
 [-2.000e+00  6.000e-03  1.060e-02  3.310e-03 -4.950e-02  1.000e+00
   7.260e-02]
 [-3.000e+00 -1.030e-01  1.525e-02  8.210e-03 -5.100e-02  1.000e+00
   3.030e-02]]
outer_polar sorted (first iteration): [[-3.000e+00 -1.030e-01  1.525e-02  8.210e-03 -5.100e-02  1.000e+00
   3.030e-02]
 [-2.000e+00  6.000e-03  1.060e-02  3.310e-03 -4.950e-02  1.000e+00
   7.260e-02]
 [-1.000e+00  1.070e-01  6.950e-03  2.490e-03 -4.750e-02  1.000e+00
   1.000e+00]
 [ 0.000e+00  2.348e-01  7.300e-03  2.390e-03 -5.170e-02  9.865e-01
   1.000e+00]
 [ 0.000e+00  2.348e-01  7.300e-03  2.390e-03 -5.170e-02  9.865e-01
   1.000e+00]]
#############################################################
reynolds: 360000.0
new_inner_values: [ 0.       0.2756   0.00533  0.00148 -0.0583   0.9311   1.     ]
new_inner_values_below_zero: [[ 0.000e+00  2.756e-01  5.330e-03  1.480e-03 -5.830e-02  9.311e-01
   1.000e+00]
 [-1.000e+00  1.321e-01  6.380e-03  1.920e-03 -5.310e-02  9.936e-01
   6.088e-01]
 [-2.000e+00  9.400e-03  8.820e-03  2.420e-03 -4.930e-02  1.000e+00
   4.710e-02]
 [-3.000e+00 -1.041e-01  3.160e-03 -2.630e-03 -4.800e-02  1.000e+00
   2.020e-02]]
new_inner_values: [[ 0.000e+00  2.756e-01  5.330e-03  1.480e-03 -5.830e-02  9.311e-01
   1.000e+00]
 [ 0.000e+00  2.756e-01  5.330e-03  1.480e-03 -5.830e-02  9.311e-01
   1.000e+00]
 [-1.000e+00  1.321e-01  6.380e-03  1.920e-03 -5.310e-02  9.936e-01
   6.088e-01]
 [-2.000e+00  9.400e-03  8.820e-03  2.420e-03 -4.930e-02  1.000e+00
   4.710e-02]
 [-3.000e+00 -1.041e-01  3.160e-03 -2.630e-03 -4.800e-02  1.000e+00
   2.020e-02]]
 new_inner_values sorted: [[-3.000e+00 -1.041e-01  3.160e-03 -2.630e-03 -4.800e-02  1.000e+00
   2.020e-02]
 [-2.000e+00  9.400e-03  8.820e-03  2.420e-03 -4.930e-02  1.000e+00
   4.710e-02]
 [-1.000e+00  1.321e-01  6.380e-03  1.920e-03 -5.310e-02  9.936e-01
   6.088e-01]
 [ 0.000e+00  2.756e-01  5.330e-03  1.480e-03 -5.830e-02  9.311e-01
   1.000e+00]
 [ 0.000e+00  2.756e-01  5.330e-03  1.480e-03 -5.830e-02  9.311e-01
   1.000e+00]]
shape_new_inner_values = (5, 7),shape_inner_polar = (5, 7)
inner_polar = [[-3.000e+00 -1.030e-01  1.525e-02  8.210e-03 -5.100e-02  1.000e+00
   3.030e-02]
 [-2.000e+00  6.000e-03  1.060e-02  3.310e-03 -4.950e-02  1.000e+00
   7.260e-02]
 [-1.000e+00  1.070e-01  6.950e-03  2.490e-03 -4.750e-02  1.000e+00
   1.000e+00]
 [ 0.000e+00  2.348e-01  7.300e-03  2.390e-03 -5.170e-02  9.865e-01
   1.000e+00]
 [ 0.000e+00  2.348e-01  7.300e-03  2.390e-03 -5.170e-02  9.865e-01
   1.000e+00]]
new_inner_values = [[-3.000e+00 -1.041e-01  3.160e-03 -2.630e-03 -4.800e-02  1.000e+00
   2.020e-02]
 [-2.000e+00  9.400e-03  8.820e-03  2.420e-03 -4.930e-02  1.000e+00
   4.710e-02]
 [-1.000e+00  1.321e-01  6.380e-03  1.920e-03 -5.310e-02  9.936e-01
   6.088e-01]
 [ 0.000e+00  2.756e-01  5.330e-03  1.480e-03 -5.830e-02  9.311e-01
   1.000e+00]
 [ 0.000e+00  2.756e-01  5.330e-03  1.480e-03 -5.830e-02  9.311e-01
   1.000e+00]]
inner_polar: [[[-3.000e+00 -3.000e+00]
  [-1.030e-01 -1.041e-01]
  [ 1.525e-02  3.160e-03]
  [ 8.210e-03 -2.630e-03]
  [-5.100e-02 -4.800e-02]
  [ 1.000e+00  1.000e+00]
  [ 3.030e-02  2.020e-02]]

 [[-2.000e+00 -2.000e+00]
  [ 6.000e-03  9.400e-03]
  [ 1.060e-02  8.820e-03]
  [ 3.310e-03  2.420e-03]
  [-4.950e-02 -4.930e-02]
  [ 1.000e+00  1.000e+00]
  [ 7.260e-02  4.710e-02]]

 [[-1.000e+00 -1.000e+00]
  [ 1.070e-01  1.321e-01]
  [ 6.950e-03  6.380e-03]
  [ 2.490e-03  1.920e-03]
  [-4.750e-02 -5.310e-02]
  [ 1.000e+00  9.936e-01]
  [ 1.000e+00  6.088e-01]]

 [[ 0.000e+00  0.000e+00]
  [ 2.348e-01  2.756e-01]
  [ 7.300e-03  5.330e-03]
  [ 2.390e-03  1.480e-03]
  [-5.170e-02 -5.830e-02]
  [ 9.865e-01  9.311e-01]
  [ 1.000e+00  1.000e+00]]

 [[ 0.000e+00  0.000e+00]
  [ 2.348e-01  2.756e-01]
  [ 7.300e-03  5.330e-03]
  [ 2.390e-03  1.480e-03]
  [-5.170e-02 -5.830e-02]
  [ 9.865e-01  9.311e-01]
  [ 1.000e+00  1.000e+00]]]
new_outer_values: [ 0.       0.2756   0.00533  0.00148 -0.0583   0.9311   1.     ]
new_outer_values_below_zero: [[ 0.000e+00  2.756e-01  5.330e-03  1.480e-03 -5.830e-02  9.311e-01
   1.000e+00]
 [-1.000e+00  1.321e-01  6.380e-03  1.920e-03 -5.310e-02  9.936e-01
   6.088e-01]
 [-2.000e+00  9.400e-03  8.820e-03  2.420e-03 -4.930e-02  1.000e+00
   4.710e-02]
 [-3.000e+00 -1.041e-01  3.160e-03 -2.630e-03 -4.800e-02  1.000e+00
   2.020e-02]]
new_outer_values: [[ 0.000e+00  2.756e-01  5.330e-03  1.480e-03 -5.830e-02  9.311e-01
   1.000e+00]
 [ 0.000e+00  2.756e-01  5.330e-03  1.480e-03 -5.830e-02  9.311e-01
   1.000e+00]
 [-1.000e+00  1.321e-01  6.380e-03  1.920e-03 -5.310e-02  9.936e-01
   6.088e-01]
 [-2.000e+00  9.400e-03  8.820e-03  2.420e-03 -4.930e-02  1.000e+00
   4.710e-02]
 [-3.000e+00 -1.041e-01  3.160e-03 -2.630e-03 -4.800e-02  1.000e+00
   2.020e-02]]
 new_outer_values sorted: [[-3.000e+00 -1.041e-01  3.160e-03 -2.630e-03 -4.800e-02  1.000e+00
   2.020e-02]
 [-2.000e+00  9.400e-03  8.820e-03  2.420e-03 -4.930e-02  1.000e+00
   4.710e-02]
 [-1.000e+00  1.321e-01  6.380e-03  1.920e-03 -5.310e-02  9.936e-01
   6.088e-01]
 [ 0.000e+00  2.756e-01  5.330e-03  1.480e-03 -5.830e-02  9.311e-01
   1.000e+00]
 [ 0.000e+00  2.756e-01  5.330e-03  1.480e-03 -5.830e-02  9.311e-01
   1.000e+00]]
outer_polar: [[[-3.000e+00 -3.000e+00]
  [-1.030e-01 -1.041e-01]
  [ 1.525e-02  3.160e-03]
  [ 8.210e-03 -2.630e-03]
  [-5.100e-02 -4.800e-02]
  [ 1.000e+00  1.000e+00]
  [ 3.030e-02  2.020e-02]]

 [[-2.000e+00 -2.000e+00]
  [ 6.000e-03  9.400e-03]
  [ 1.060e-02  8.820e-03]
  [ 3.310e-03  2.420e-03]
  [-4.950e-02 -4.930e-02]
  [ 1.000e+00  1.000e+00]
  [ 7.260e-02  4.710e-02]]

 [[-1.000e+00 -1.000e+00]
  [ 1.070e-01  1.321e-01]
  [ 6.950e-03  6.380e-03]
  [ 2.490e-03  1.920e-03]
  [-4.750e-02 -5.310e-02]
  [ 1.000e+00  9.936e-01]
  [ 1.000e+00  6.088e-01]]

 [[ 0.000e+00  0.000e+00]
  [ 2.348e-01  2.756e-01]
  [ 7.300e-03  5.330e-03]
  [ 2.390e-03  1.480e-03]
  [-5.170e-02 -5.830e-02]
  [ 9.865e-01  9.311e-01]
  [ 1.000e+00  1.000e+00]]

 [[ 0.000e+00  0.000e+00]
  [ 2.348e-01  2.756e-01]
  [ 7.300e-03  5.330e-03]
  [ 2.390e-03  1.480e-03]
  [-5.170e-02 -5.830e-02]
  [ 9.865e-01  9.311e-01]
  [ 1.000e+00  1.000e+00]]]
####################################################################
reynolds: 510000.0
new_inner_values: [ 0.       0.2706   0.00455  0.0011  -0.0561   0.8733   1.     ]
new_inner_values_below_zero: [[ 0.000e+00  2.706e-01  4.550e-03  1.100e-03 -5.610e-02  8.733e-01
   1.000e+00]
 [-1.000e+00  1.597e-01  5.790e-03  1.400e-03 -5.810e-02  9.696e-01
   4.987e-01]
 [-2.000e+00  1.080e-02  7.890e-03  2.010e-03 -4.930e-02  1.000e+00
   3.780e-02]
 [-3.000e+00 -9.790e-02  1.121e-02  5.580e-03 -5.040e-02  1.000e+00
   1.510e-02]]
new_inner_values: [[ 0.000e+00  2.706e-01  4.550e-03  1.100e-03 -5.610e-02  8.733e-01
   1.000e+00]
 [ 0.000e+00  2.706e-01  4.550e-03  1.100e-03 -5.610e-02  8.733e-01
   1.000e+00]
 [-1.000e+00  1.597e-01  5.790e-03  1.400e-03 -5.810e-02  9.696e-01
   4.987e-01]
 [-2.000e+00  1.080e-02  7.890e-03  2.010e-03 -4.930e-02  1.000e+00
   3.780e-02]
 [-3.000e+00 -9.790e-02  1.121e-02  5.580e-03 -5.040e-02  1.000e+00
   1.510e-02]]
 new_inner_values sorted: [[-3.000e+00 -9.790e-02  1.121e-02  5.580e-03 -5.040e-02  1.000e+00
   1.510e-02]
 [-2.000e+00  1.080e-02  7.890e-03  2.010e-03 -4.930e-02  1.000e+00
   3.780e-02]
 [-1.000e+00  1.597e-01  5.790e-03  1.400e-03 -5.810e-02  9.696e-01
   4.987e-01]
 [ 0.000e+00  2.706e-01  4.550e-03  1.100e-03 -5.610e-02  8.733e-01
   1.000e+00]
 [ 0.000e+00  2.706e-01  4.550e-03  1.100e-03 -5.610e-02  8.733e-01
   1.000e+00]]
shape_new_inner_values = (5, 7),shape_inner_polar = (5, 7, 2)
inner_polar = [[[-3.000e+00 -3.000e+00]
  [-1.030e-01 -1.041e-01]
  [ 1.525e-02  3.160e-03]
  [ 8.210e-03 -2.630e-03]
  [-5.100e-02 -4.800e-02]
  [ 1.000e+00  1.000e+00]
  [ 3.030e-02  2.020e-02]]

 [[-2.000e+00 -2.000e+00]
  [ 6.000e-03  9.400e-03]
  [ 1.060e-02  8.820e-03]
  [ 3.310e-03  2.420e-03]
  [-4.950e-02 -4.930e-02]
  [ 1.000e+00  1.000e+00]
  [ 7.260e-02  4.710e-02]]

 [[-1.000e+00 -1.000e+00]
  [ 1.070e-01  1.321e-01]
  [ 6.950e-03  6.380e-03]
  [ 2.490e-03  1.920e-03]
  [-4.750e-02 -5.310e-02]
  [ 1.000e+00  9.936e-01]
  [ 1.000e+00  6.088e-01]]

 [[ 0.000e+00  0.000e+00]
  [ 2.348e-01  2.756e-01]
  [ 7.300e-03  5.330e-03]
  [ 2.390e-03  1.480e-03]
  [-5.170e-02 -5.830e-02]
  [ 9.865e-01  9.311e-01]
  [ 1.000e+00  1.000e+00]]

 [[ 0.000e+00  0.000e+00]
  [ 2.348e-01  2.756e-01]
  [ 7.300e-03  5.330e-03]
  [ 2.390e-03  1.480e-03]
  [-5.170e-02 -5.830e-02]
  [ 9.865e-01  9.311e-01]
  [ 1.000e+00  1.000e+00]]]
new_inner_values = [[-3.000e+00 -9.790e-02  1.121e-02  5.580e-03 -5.040e-02  1.000e+00
   1.510e-02]
 [-2.000e+00  1.080e-02  7.890e-03  2.010e-03 -4.930e-02  1.000e+00
   3.780e-02]
 [-1.000e+00  1.597e-01  5.790e-03  1.400e-03 -5.810e-02  9.696e-01
   4.987e-01]
 [ 0.000e+00  2.706e-01  4.550e-03  1.100e-03 -5.610e-02  8.733e-01
   1.000e+00]
 [ 0.000e+00  2.706e-01  4.550e-03  1.100e-03 -5.610e-02  8.733e-01
   1.000e+00]]
inner_polar: [[[-3.000e+00 -3.000e+00 -3.000e+00]
  [-1.030e-01 -1.041e-01 -9.790e-02]
  [ 1.525e-02  3.160e-03  1.121e-02]
  [ 8.210e-03 -2.630e-03  5.580e-03]
  [-5.100e-02 -4.800e-02 -5.040e-02]
  [ 1.000e+00  1.000e+00  1.000e+00]
  [ 3.030e-02  2.020e-02  1.510e-02]]

 [[-2.000e+00 -2.000e+00 -2.000e+00]
  [ 6.000e-03  9.400e-03  1.080e-02]
  [ 1.060e-02  8.820e-03  7.890e-03]
  [ 3.310e-03  2.420e-03  2.010e-03]
  [-4.950e-02 -4.930e-02 -4.930e-02]
  [ 1.000e+00  1.000e+00  1.000e+00]
  [ 7.260e-02  4.710e-02  3.780e-02]]

 [[-1.000e+00 -1.000e+00 -1.000e+00]
  [ 1.070e-01  1.321e-01  1.597e-01]
  [ 6.950e-03  6.380e-03  5.790e-03]
  [ 2.490e-03  1.920e-03  1.400e-03]
  [-4.750e-02 -5.310e-02 -5.810e-02]
  [ 1.000e+00  9.936e-01  9.696e-01]
  [ 1.000e+00  6.088e-01  4.987e-01]]

 [[ 0.000e+00  0.000e+00  0.000e+00]
  [ 2.348e-01  2.756e-01  2.706e-01]
  [ 7.300e-03  5.330e-03  4.550e-03]
  [ 2.390e-03  1.480e-03  1.100e-03]
  [-5.170e-02 -5.830e-02 -5.610e-02]
  [ 9.865e-01  9.311e-01  8.733e-01]
  [ 1.000e+00  1.000e+00  1.000e+00]]

 [[ 0.000e+00  0.000e+00  0.000e+00]
  [ 2.348e-01  2.756e-01  2.706e-01]
  [ 7.300e-03  5.330e-03  4.550e-03]
  [ 2.390e-03  1.480e-03  1.100e-03]
  [-5.170e-02 -5.830e-02 -5.610e-02]
  [ 9.865e-01  9.311e-01  8.733e-01]
  [ 1.000e+00  1.000e+00  1.000e+00]]]
new_outer_values: [ 0.       0.2706   0.00455  0.0011  -0.0561   0.8733   1.     ]
new_outer_values_below_zero: [[ 0.000e+00  2.706e-01  4.550e-03  1.100e-03 -5.610e-02  8.733e-01
   1.000e+00]
 [-1.000e+00  1.597e-01  5.790e-03  1.400e-03 -5.810e-02  9.696e-01
   4.987e-01]
 [-2.000e+00  1.080e-02  7.890e-03  2.010e-03 -4.930e-02  1.000e+00
   3.780e-02]
 [-3.000e+00 -9.790e-02  1.121e-02  5.580e-03 -5.040e-02  1.000e+00
   1.510e-02]]
new_outer_values: [[ 0.000e+00  2.706e-01  4.550e-03  1.100e-03 -5.610e-02  8.733e-01
   1.000e+00]
 [ 0.000e+00  2.706e-01  4.550e-03  1.100e-03 -5.610e-02  8.733e-01
   1.000e+00]
 [-1.000e+00  1.597e-01  5.790e-03  1.400e-03 -5.810e-02  9.696e-01
   4.987e-01]
 [-2.000e+00  1.080e-02  7.890e-03  2.010e-03 -4.930e-02  1.000e+00
   3.780e-02]
 [-3.000e+00 -9.790e-02  1.121e-02  5.580e-03 -5.040e-02  1.000e+00
   1.510e-02]]
 new_outer_values sorted: [[-3.000e+00 -9.790e-02  1.121e-02  5.580e-03 -5.040e-02  1.000e+00
   1.510e-02]
 [-2.000e+00  1.080e-02  7.890e-03  2.010e-03 -4.930e-02  1.000e+00
   3.780e-02]
 [-1.000e+00  1.597e-01  5.790e-03  1.400e-03 -5.810e-02  9.696e-01
   4.987e-01]
 [ 0.000e+00  2.706e-01  4.550e-03  1.100e-03 -5.610e-02  8.733e-01
   1.000e+00]
 [ 0.000e+00  2.706e-01  4.550e-03  1.100e-03 -5.610e-02  8.733e-01
   1.000e+00]]
outer_polar: [[[-3.000e+00 -3.000e+00 -3.000e+00]
  [-1.030e-01 -1.041e-01 -9.790e-02]
  [ 1.525e-02  3.160e-03  1.121e-02]
  [ 8.210e-03 -2.630e-03  5.580e-03]
  [-5.100e-02 -4.800e-02 -5.040e-02]
  [ 1.000e+00  1.000e+00  1.000e+00]
  [ 3.030e-02  2.020e-02  1.510e-02]]

 [[-2.000e+00 -2.000e+00 -2.000e+00]
  [ 6.000e-03  9.400e-03  1.080e-02]
  [ 1.060e-02  8.820e-03  7.890e-03]
  [ 3.310e-03  2.420e-03  2.010e-03]
  [-4.950e-02 -4.930e-02 -4.930e-02]
  [ 1.000e+00  1.000e+00  1.000e+00]
  [ 7.260e-02  4.710e-02  3.780e-02]]

 [[-1.000e+00 -1.000e+00 -1.000e+00]
  [ 1.070e-01  1.321e-01  1.597e-01]
  [ 6.950e-03  6.380e-03  5.790e-03]
  [ 2.490e-03  1.920e-03  1.400e-03]
  [-4.750e-02 -5.310e-02 -5.810e-02]
  [ 1.000e+00  9.936e-01  9.696e-01]
  [ 1.000e+00  6.088e-01  4.987e-01]]

 [[ 0.000e+00  0.000e+00  0.000e+00]
  [ 2.348e-01  2.756e-01  2.706e-01]
  [ 7.300e-03  5.330e-03  4.550e-03]
  [ 2.390e-03  1.480e-03  1.100e-03]
  [-5.170e-02 -5.830e-02 -5.610e-02]
  [ 9.865e-01  9.311e-01  8.733e-01]
  [ 1.000e+00  1.000e+00  1.000e+00]]

 [[ 0.000e+00  0.000e+00  0.000e+00]
  [ 2.348e-01  2.756e-01  2.706e-01]
  [ 7.300e-03  5.330e-03  4.550e-03]
  [ 2.390e-03  1.480e-03  1.100e-03]
  [-5.170e-02 -5.830e-02 -5.610e-02]
  [ 9.865e-01  9.311e-01  8.733e-01]
  [ 1.000e+00  1.000e+00  1.000e+00]]]
####################################################################
reynolds: 660000.0
new_inner_values: [ 0.000e+00  2.659e-01  4.190e-03  9.100e-04 -5.460e-02  8.258e-01
  1.000e+00]
new_inner_values_below_zero: [[ 0.000e+00  2.659e-01  4.190e-03  9.100e-04 -5.460e-02  8.258e-01
   1.000e+00]
 [-1.000e+00  1.667e-01  5.480e-03  1.090e-03 -5.880e-02  9.393e-01
   4.116e-01]
 [-2.000e+00  2.970e-02  7.120e-03  1.610e-03 -5.310e-02  9.930e-01
   4.230e-02]]
new_inner_values: [[ 0.000e+00  2.659e-01  4.190e-03  9.100e-04 -5.460e-02  8.258e-01
   1.000e+00]
 [ 0.000e+00  2.659e-01  4.190e-03  9.100e-04 -5.460e-02  8.258e-01
   1.000e+00]
 [-1.000e+00  1.667e-01  5.480e-03  1.090e-03 -5.880e-02  9.393e-01
   4.116e-01]
 [-2.000e+00  2.970e-02  7.120e-03  1.610e-03 -5.310e-02  9.930e-01
   4.230e-02]]
 new_inner_values sorted: [[-2.000e+00  2.970e-02  7.120e-03  1.610e-03 -5.310e-02  9.930e-01
   4.230e-02]
 [-1.000e+00  1.667e-01  5.480e-03  1.090e-03 -5.880e-02  9.393e-01
   4.116e-01]
 [ 0.000e+00  2.659e-01  4.190e-03  9.100e-04 -5.460e-02  8.258e-01
   1.000e+00]
 [ 0.000e+00  2.659e-01  4.190e-03  9.100e-04 -5.460e-02  8.258e-01
   1.000e+00]]
shape_new_inner_values = (4, 7),shape_inner_polar = (5, 7, 3)
inner_polar = [[[-3.000e+00 -3.000e+00 -3.000e+00]
  [-1.030e-01 -1.041e-01 -9.790e-02]
  [ 1.525e-02  3.160e-03  1.121e-02]
  [ 8.210e-03 -2.630e-03  5.580e-03]
  [-5.100e-02 -4.800e-02 -5.040e-02]
  [ 1.000e+00  1.000e+00  1.000e+00]
  [ 3.030e-02  2.020e-02  1.510e-02]]

 [[-2.000e+00 -2.000e+00 -2.000e+00]
  [ 6.000e-03  9.400e-03  1.080e-02]
  [ 1.060e-02  8.820e-03  7.890e-03]
  [ 3.310e-03  2.420e-03  2.010e-03]
  [-4.950e-02 -4.930e-02 -4.930e-02]
  [ 1.000e+00  1.000e+00  1.000e+00]
  [ 7.260e-02  4.710e-02  3.780e-02]]

 [[-1.000e+00 -1.000e+00 -1.000e+00]
  [ 1.070e-01  1.321e-01  1.597e-01]
  [ 6.950e-03  6.380e-03  5.790e-03]
  [ 2.490e-03  1.920e-03  1.400e-03]
  [-4.750e-02 -5.310e-02 -5.810e-02]
  [ 1.000e+00  9.936e-01  9.696e-01]
  [ 1.000e+00  6.088e-01  4.987e-01]]

 [[ 0.000e+00  0.000e+00  0.000e+00]
  [ 2.348e-01  2.756e-01  2.706e-01]
  [ 7.300e-03  5.330e-03  4.550e-03]
  [ 2.390e-03  1.480e-03  1.100e-03]
  [-5.170e-02 -5.830e-02 -5.610e-02]
  [ 9.865e-01  9.311e-01  8.733e-01]
  [ 1.000e+00  1.000e+00  1.000e+00]]

 [[ 0.000e+00  0.000e+00  0.000e+00]
  [ 2.348e-01  2.756e-01  2.706e-01]
  [ 7.300e-03  5.330e-03  4.550e-03]
  [ 2.390e-03  1.480e-03  1.100e-03]
  [-5.170e-02 -5.830e-02 -5.610e-02]
  [ 9.865e-01  9.311e-01  8.733e-01]
  [ 1.000e+00  1.000e+00  1.000e+00]]]
new_inner_values = [[-2.000e+00  2.970e-02  7.120e-03  1.610e-03 -5.310e-02  9.930e-01
   4.230e-02]
 [-1.000e+00  1.667e-01  5.480e-03  1.090e-03 -5.880e-02  9.393e-01
   4.116e-01]
 [ 0.000e+00  2.659e-01  4.190e-03  9.100e-04 -5.460e-02  8.258e-01
   1.000e+00]
 [ 0.000e+00  2.659e-01  4.190e-03  9.100e-04 -5.460e-02  8.258e-01
   1.000e+00]]
