cl_global =0.7999999999999299
v_factor = 1
original_surface = 1, using surface: 1
cl_min = 0.1, cl_max = 0.9, chord_min = 0.08, chord_max = 0.292
reynolds_min = 70000
reynolds_max = 290000
reynolds_steps = 27500
number of wing segments per halfspan: 3
right wing
inner_airfoil: C:/IFB/mace/data/airfoils/ag19.dat, outer_airfoil: C:/IFB/mace/data/airfoils/ag19.dat
cl_of_alfa_zero (profile) = 0.1923
cl_min of wing = 0.1
cl_min of wing < cl_of_alfa_zero = True
cl_of_alfa_zero (profile) = 0.1923
cl_min of wing = 0.1
cl_min of wing < cl_of_alfa_zero = True
alfa_min = [-1, -1], alfa_max = [7, 7], alfa_step = 1
alfa_min = [-1, -1], alfa_max = [7, 7], alfa_step = 1
list_of_reynolds = [ 70000. 125000. 180000. 235000. 290000.]
reynolds: 70000.0
inner_polar: [[ 0.000e+00  1.923e-01  1.221e-02  3.670e-03 -4.420e-02  1.000e+00
   1.000e+00]
 [ 1.000e+00  2.904e-01  1.320e-02  4.400e-03 -4.410e-02  1.000e+00
   1.000e+00]
 [ 2.000e+00  4.373e-01  1.500e-02  6.440e-03 -5.560e-02  9.679e-01
   1.000e+00]
 [ 3.000e+00  6.121e-01  1.466e-02  6.570e-03 -6.130e-02  7.998e-01
   1.000e+00]
 [ 4.000e+00  6.983e-01  1.604e-02  7.280e-03 -5.010e-02  5.564e-01
   1.000e+00]
 [ 5.000e+00  7.905e-01  1.964e-02  9.960e-03 -4.470e-02  3.383e-01
   1.000e+00]
 [ 6.000e+00  8.858e-01  2.469e-02  1.472e-02 -4.130e-02  1.968e-01
   1.000e+00]
 [ 7.000e+00  9.796e-01  3.225e-02  2.261e-02 -3.800e-02  1.138e-01
   1.000e+00]]
inner_polar_below_zero: [[ 0.       0.1923   0.01221  0.00367 -0.0442   1.       1.     ]
 [-1.       0.0906   0.01178  0.004   -0.0451   1.       1.     ]]
inner_polar: [[ 0.000e+00  1.923e-01  1.221e-02  3.670e-03 -4.420e-02  1.000e+00
   1.000e+00]
 [ 1.000e+00  2.904e-01  1.320e-02  4.400e-03 -4.410e-02  1.000e+00
   1.000e+00]
 [ 2.000e+00  4.373e-01  1.500e-02  6.440e-03 -5.560e-02  9.679e-01
   1.000e+00]
 [ 3.000e+00  6.121e-01  1.466e-02  6.570e-03 -6.130e-02  7.998e-01
   1.000e+00]
 [ 4.000e+00  6.983e-01  1.604e-02  7.280e-03 -5.010e-02  5.564e-01
   1.000e+00]
 [ 5.000e+00  7.905e-01  1.964e-02  9.960e-03 -4.470e-02  3.383e-01
   1.000e+00]
 [ 6.000e+00  8.858e-01  2.469e-02  1.472e-02 -4.130e-02  1.968e-01
   1.000e+00]
 [ 7.000e+00  9.796e-01  3.225e-02  2.261e-02 -3.800e-02  1.138e-01
   1.000e+00]
 [ 0.000e+00  1.923e-01  1.221e-02  3.670e-03 -4.420e-02  1.000e+00
   1.000e+00]
 [-1.000e+00  9.060e-02  1.178e-02  4.000e-03 -4.510e-02  1.000e+00
   1.000e+00]]
inner_polar sorted: [[-1.000e+00  9.060e-02  1.178e-02  4.000e-03 -4.510e-02  1.000e+00
   1.000e+00]
 [ 0.000e+00  1.923e-01  1.221e-02  3.670e-03 -4.420e-02  1.000e+00
   1.000e+00]
 [ 0.000e+00  1.923e-01  1.221e-02  3.670e-03 -4.420e-02  1.000e+00
   1.000e+00]
 [ 1.000e+00  2.904e-01  1.320e-02  4.400e-03 -4.410e-02  1.000e+00
   1.000e+00]
 [ 2.000e+00  4.373e-01  1.500e-02  6.440e-03 -5.560e-02  9.679e-01
   1.000e+00]
 [ 3.000e+00  6.121e-01  1.466e-02  6.570e-03 -6.130e-02  7.998e-01
   1.000e+00]
 [ 4.000e+00  6.983e-01  1.604e-02  7.280e-03 -5.010e-02  5.564e-01
   1.000e+00]
 [ 5.000e+00  7.905e-01  1.964e-02  9.960e-03 -4.470e-02  3.383e-01
   1.000e+00]
 [ 6.000e+00  8.858e-01  2.469e-02  1.472e-02 -4.130e-02  1.968e-01
   1.000e+00]
 [ 7.000e+00  9.796e-01  3.225e-02  2.261e-02 -3.800e-02  1.138e-01
   1.000e+00]]
outer_polar: [[ 0.000e+00  1.923e-01  1.221e-02  3.670e-03 -4.420e-02  1.000e+00
   1.000e+00]
 [ 1.000e+00  2.904e-01  1.320e-02  4.400e-03 -4.410e-02  1.000e+00
   1.000e+00]
 [ 2.000e+00  4.373e-01  1.500e-02  6.440e-03 -5.560e-02  9.679e-01
   1.000e+00]
 [ 3.000e+00  6.121e-01  1.466e-02  6.570e-03 -6.130e-02  7.998e-01
   1.000e+00]
 [ 4.000e+00  6.983e-01  1.604e-02  7.280e-03 -5.010e-02  5.564e-01
   1.000e+00]
 [ 5.000e+00  7.905e-01  1.964e-02  9.960e-03 -4.470e-02  3.383e-01
   1.000e+00]
 [ 6.000e+00  8.858e-01  2.469e-02  1.472e-02 -4.130e-02  1.968e-01
   1.000e+00]
 [ 7.000e+00  9.796e-01  3.225e-02  2.261e-02 -3.800e-02  1.138e-01
   1.000e+00]]
outer_polar_below_zero: [[ 0.       0.1923   0.01221  0.00367 -0.0442   1.       1.     ]
 [-1.       0.0906   0.01178  0.004   -0.0451   1.       1.     ]]
outer_polar: [[ 0.000e+00  1.923e-01  1.221e-02  3.670e-03 -4.420e-02  1.000e+00
   1.000e+00]
 [ 1.000e+00  2.904e-01  1.320e-02  4.400e-03 -4.410e-02  1.000e+00
   1.000e+00]
 [ 2.000e+00  4.373e-01  1.500e-02  6.440e-03 -5.560e-02  9.679e-01
   1.000e+00]
 [ 3.000e+00  6.121e-01  1.466e-02  6.570e-03 -6.130e-02  7.998e-01
   1.000e+00]
 [ 4.000e+00  6.983e-01  1.604e-02  7.280e-03 -5.010e-02  5.564e-01
   1.000e+00]
 [ 5.000e+00  7.905e-01  1.964e-02  9.960e-03 -4.470e-02  3.383e-01
   1.000e+00]
 [ 6.000e+00  8.858e-01  2.469e-02  1.472e-02 -4.130e-02  1.968e-01
   1.000e+00]
 [ 7.000e+00  9.796e-01  3.225e-02  2.261e-02 -3.800e-02  1.138e-01
   1.000e+00]
 [ 0.000e+00  1.923e-01  1.221e-02  3.670e-03 -4.420e-02  1.000e+00
   1.000e+00]
 [-1.000e+00  9.060e-02  1.178e-02  4.000e-03 -4.510e-02  1.000e+00
   1.000e+00]]
outer_polar sorted (first iteration): [[-1.000e+00  9.060e-02  1.178e-02  4.000e-03 -4.510e-02  1.000e+00
   1.000e+00]
 [ 0.000e+00  1.923e-01  1.221e-02  3.670e-03 -4.420e-02  1.000e+00
   1.000e+00]
 [ 0.000e+00  1.923e-01  1.221e-02  3.670e-03 -4.420e-02  1.000e+00
   1.000e+00]
 [ 1.000e+00  2.904e-01  1.320e-02  4.400e-03 -4.410e-02  1.000e+00
   1.000e+00]
 [ 2.000e+00  4.373e-01  1.500e-02  6.440e-03 -5.560e-02  9.679e-01
   1.000e+00]
 [ 3.000e+00  6.121e-01  1.466e-02  6.570e-03 -6.130e-02  7.998e-01
   1.000e+00]
 [ 4.000e+00  6.983e-01  1.604e-02  7.280e-03 -5.010e-02  5.564e-01
   1.000e+00]
 [ 5.000e+00  7.905e-01  1.964e-02  9.960e-03 -4.470e-02  3.383e-01
   1.000e+00]
 [ 6.000e+00  8.858e-01  2.469e-02  1.472e-02 -4.130e-02  1.968e-01
   1.000e+00]
 [ 7.000e+00  9.796e-01  3.225e-02  2.261e-02 -3.800e-02  1.138e-01
   1.000e+00]]
#############################################################
reynolds: 125000.0
new_inner_values: [[ 0.000e+00  2.033e-01  9.350e-03  3.000e-03 -4.590e-02  1.000e+00
   1.000e+00]
 [ 1.000e+00  3.448e-01  1.011e-02  3.600e-03 -5.390e-02  9.748e-01
   1.000e+00]
 [ 2.000e+00  5.032e-01  1.000e-02  3.570e-03 -6.050e-02  8.648e-01
   1.000e+00]
 [ 3.000e+00  5.978e-01  1.065e-02  3.760e-03 -5.310e-02  6.858e-01
   1.000e+00]
 [ 4.000e+00  6.928e-01  1.254e-02  4.700e-03 -4.810e-02  4.450e-01
   1.000e+00]
 [ 5.000e+00  7.906e-01  1.534e-02  6.760e-03 -4.570e-02  2.626e-01
   1.000e+00]
 [ 6.000e+00  8.881e-01  1.894e-02  1.009e-02 -4.350e-02  1.423e-01
   1.000e+00]
 [ 7.000e+00  9.820e-01  2.442e-02  1.573e-02 -4.090e-02  7.240e-02
   1.000e+00]]
new_inner_values_below_zero: [[ 0.       0.2033   0.00935  0.003   -0.0459   1.       1.     ]
 [-1.       0.0996   0.00889  0.00312 -0.0464   1.       1.     ]]
new_inner_values: [[ 0.000e+00  2.033e-01  9.350e-03  3.000e-03 -4.590e-02  1.000e+00
   1.000e+00]
 [ 1.000e+00  3.448e-01  1.011e-02  3.600e-03 -5.390e-02  9.748e-01
   1.000e+00]
 [ 2.000e+00  5.032e-01  1.000e-02  3.570e-03 -6.050e-02  8.648e-01
   1.000e+00]
 [ 3.000e+00  5.978e-01  1.065e-02  3.760e-03 -5.310e-02  6.858e-01
   1.000e+00]
 [ 4.000e+00  6.928e-01  1.254e-02  4.700e-03 -4.810e-02  4.450e-01
   1.000e+00]
 [ 5.000e+00  7.906e-01  1.534e-02  6.760e-03 -4.570e-02  2.626e-01
   1.000e+00]
 [ 6.000e+00  8.881e-01  1.894e-02  1.009e-02 -4.350e-02  1.423e-01
   1.000e+00]
 [ 7.000e+00  9.820e-01  2.442e-02  1.573e-02 -4.090e-02  7.240e-02
   1.000e+00]
 [ 0.000e+00  2.033e-01  9.350e-03  3.000e-03 -4.590e-02  1.000e+00
   1.000e+00]
 [-1.000e+00  9.960e-02  8.890e-03  3.120e-03 -4.640e-02  1.000e+00
   1.000e+00]]
 new_inner_values sorted: [[-1.000e+00  9.960e-02  8.890e-03  3.120e-03 -4.640e-02  1.000e+00
   1.000e+00]
 [ 0.000e+00  2.033e-01  9.350e-03  3.000e-03 -4.590e-02  1.000e+00
   1.000e+00]
 [ 0.000e+00  2.033e-01  9.350e-03  3.000e-03 -4.590e-02  1.000e+00
   1.000e+00]
 [ 1.000e+00  3.448e-01  1.011e-02  3.600e-03 -5.390e-02  9.748e-01
   1.000e+00]
 [ 2.000e+00  5.032e-01  1.000e-02  3.570e-03 -6.050e-02  8.648e-01
   1.000e+00]
 [ 3.000e+00  5.978e-01  1.065e-02  3.760e-03 -5.310e-02  6.858e-01
   1.000e+00]
 [ 4.000e+00  6.928e-01  1.254e-02  4.700e-03 -4.810e-02  4.450e-01
   1.000e+00]
 [ 5.000e+00  7.906e-01  1.534e-02  6.760e-03 -4.570e-02  2.626e-01
   1.000e+00]
 [ 6.000e+00  8.881e-01  1.894e-02  1.009e-02 -4.350e-02  1.423e-01
   1.000e+00]
 [ 7.000e+00  9.820e-01  2.442e-02  1.573e-02 -4.090e-02  7.240e-02
   1.000e+00]]
shape_new_inner_values = (10, 7),shape_inner_polar = (10, 7)
inner_polar = [[-1.000e+00  9.060e-02  1.178e-02  4.000e-03 -4.510e-02  1.000e+00
   1.000e+00]
 [ 0.000e+00  1.923e-01  1.221e-02  3.670e-03 -4.420e-02  1.000e+00
   1.000e+00]
 [ 0.000e+00  1.923e-01  1.221e-02  3.670e-03 -4.420e-02  1.000e+00
   1.000e+00]
 [ 1.000e+00  2.904e-01  1.320e-02  4.400e-03 -4.410e-02  1.000e+00
   1.000e+00]
 [ 2.000e+00  4.373e-01  1.500e-02  6.440e-03 -5.560e-02  9.679e-01
   1.000e+00]
 [ 3.000e+00  6.121e-01  1.466e-02  6.570e-03 -6.130e-02  7.998e-01
   1.000e+00]
 [ 4.000e+00  6.983e-01  1.604e-02  7.280e-03 -5.010e-02  5.564e-01
   1.000e+00]
 [ 5.000e+00  7.905e-01  1.964e-02  9.960e-03 -4.470e-02  3.383e-01
   1.000e+00]
 [ 6.000e+00  8.858e-01  2.469e-02  1.472e-02 -4.130e-02  1.968e-01
   1.000e+00]
 [ 7.000e+00  9.796e-01  3.225e-02  2.261e-02 -3.800e-02  1.138e-01
   1.000e+00]]
new_inner_values = [[-1.000e+00  9.960e-02  8.890e-03  3.120e-03 -4.640e-02  1.000e+00
   1.000e+00]
 [ 0.000e+00  2.033e-01  9.350e-03  3.000e-03 -4.590e-02  1.000e+00
   1.000e+00]
 [ 0.000e+00  2.033e-01  9.350e-03  3.000e-03 -4.590e-02  1.000e+00
   1.000e+00]
 [ 1.000e+00  3.448e-01  1.011e-02  3.600e-03 -5.390e-02  9.748e-01
   1.000e+00]
 [ 2.000e+00  5.032e-01  1.000e-02  3.570e-03 -6.050e-02  8.648e-01
   1.000e+00]
 [ 3.000e+00  5.978e-01  1.065e-02  3.760e-03 -5.310e-02  6.858e-01
   1.000e+00]
 [ 4.000e+00  6.928e-01  1.254e-02  4.700e-03 -4.810e-02  4.450e-01
   1.000e+00]
 [ 5.000e+00  7.906e-01  1.534e-02  6.760e-03 -4.570e-02  2.626e-01
   1.000e+00]
 [ 6.000e+00  8.881e-01  1.894e-02  1.009e-02 -4.350e-02  1.423e-01
   1.000e+00]
 [ 7.000e+00  9.820e-01  2.442e-02  1.573e-02 -4.090e-02  7.240e-02
   1.000e+00]]
inner_polar: [[[-1.000e+00 -1.000e+00]
  [ 9.060e-02  9.960e-02]
  [ 1.178e-02  8.890e-03]
  [ 4.000e-03  3.120e-03]
  [-4.510e-02 -4.640e-02]
  [ 1.000e+00  1.000e+00]
  [ 1.000e+00  1.000e+00]]

 [[ 0.000e+00  0.000e+00]
  [ 1.923e-01  2.033e-01]
  [ 1.221e-02  9.350e-03]
  [ 3.670e-03  3.000e-03]
  [-4.420e-02 -4.590e-02]
  [ 1.000e+00  1.000e+00]
  [ 1.000e+00  1.000e+00]]

 [[ 0.000e+00  0.000e+00]
  [ 1.923e-01  2.033e-01]
  [ 1.221e-02  9.350e-03]
  [ 3.670e-03  3.000e-03]
  [-4.420e-02 -4.590e-02]
  [ 1.000e+00  1.000e+00]
  [ 1.000e+00  1.000e+00]]

 [[ 1.000e+00  1.000e+00]
  [ 2.904e-01  3.448e-01]
  [ 1.320e-02  1.011e-02]
  [ 4.400e-03  3.600e-03]
  [-4.410e-02 -5.390e-02]
  [ 1.000e+00  9.748e-01]
  [ 1.000e+00  1.000e+00]]

 [[ 2.000e+00  2.000e+00]
  [ 4.373e-01  5.032e-01]
  [ 1.500e-02  1.000e-02]
  [ 6.440e-03  3.570e-03]
  [-5.560e-02 -6.050e-02]
  [ 9.679e-01  8.648e-01]
  [ 1.000e+00  1.000e+00]]

 [[ 3.000e+00  3.000e+00]
  [ 6.121e-01  5.978e-01]
  [ 1.466e-02  1.065e-02]
  [ 6.570e-03  3.760e-03]
  [-6.130e-02 -5.310e-02]
  [ 7.998e-01  6.858e-01]
  [ 1.000e+00  1.000e+00]]

 [[ 4.000e+00  4.000e+00]
  [ 6.983e-01  6.928e-01]
  [ 1.604e-02  1.254e-02]
  [ 7.280e-03  4.700e-03]
  [-5.010e-02 -4.810e-02]
  [ 5.564e-01  4.450e-01]
  [ 1.000e+00  1.000e+00]]

 [[ 5.000e+00  5.000e+00]
  [ 7.905e-01  7.906e-01]
  [ 1.964e-02  1.534e-02]
  [ 9.960e-03  6.760e-03]
  [-4.470e-02 -4.570e-02]
  [ 3.383e-01  2.626e-01]
  [ 1.000e+00  1.000e+00]]

 [[ 6.000e+00  6.000e+00]
  [ 8.858e-01  8.881e-01]
  [ 2.469e-02  1.894e-02]
  [ 1.472e-02  1.009e-02]
  [-4.130e-02 -4.350e-02]
  [ 1.968e-01  1.423e-01]
  [ 1.000e+00  1.000e+00]]

 [[ 7.000e+00  7.000e+00]
  [ 9.796e-01  9.820e-01]
  [ 3.225e-02  2.442e-02]
  [ 2.261e-02  1.573e-02]
  [-3.800e-02 -4.090e-02]
  [ 1.138e-01  7.240e-02]
  [ 1.000e+00  1.000e+00]]]
new_outer_values: [[ 0.000e+00  2.033e-01  9.350e-03  3.000e-03 -4.590e-02  1.000e+00
   1.000e+00]
 [ 1.000e+00  3.448e-01  1.011e-02  3.600e-03 -5.390e-02  9.748e-01
   1.000e+00]
 [ 2.000e+00  5.032e-01  1.000e-02  3.570e-03 -6.050e-02  8.648e-01
   1.000e+00]
 [ 3.000e+00  5.978e-01  1.065e-02  3.760e-03 -5.310e-02  6.858e-01
   1.000e+00]
 [ 4.000e+00  6.928e-01  1.254e-02  4.700e-03 -4.810e-02  4.450e-01
   1.000e+00]
 [ 5.000e+00  7.906e-01  1.534e-02  6.760e-03 -4.570e-02  2.626e-01
   1.000e+00]
 [ 6.000e+00  8.881e-01  1.894e-02  1.009e-02 -4.350e-02  1.423e-01
   1.000e+00]
 [ 7.000e+00  9.820e-01  2.442e-02  1.573e-02 -4.090e-02  7.240e-02
   1.000e+00]]
new_outer_values_below_zero: [[ 0.       0.2033   0.00935  0.003   -0.0459   1.       1.     ]
 [-1.       0.0996   0.00889  0.00312 -0.0464   1.       1.     ]]
new_outer_values: [[ 0.000e+00  2.033e-01  9.350e-03  3.000e-03 -4.590e-02  1.000e+00
   1.000e+00]
 [ 1.000e+00  3.448e-01  1.011e-02  3.600e-03 -5.390e-02  9.748e-01
   1.000e+00]
 [ 2.000e+00  5.032e-01  1.000e-02  3.570e-03 -6.050e-02  8.648e-01
   1.000e+00]
 [ 3.000e+00  5.978e-01  1.065e-02  3.760e-03 -5.310e-02  6.858e-01
   1.000e+00]
 [ 4.000e+00  6.928e-01  1.254e-02  4.700e-03 -4.810e-02  4.450e-01
   1.000e+00]
 [ 5.000e+00  7.906e-01  1.534e-02  6.760e-03 -4.570e-02  2.626e-01
   1.000e+00]
 [ 6.000e+00  8.881e-01  1.894e-02  1.009e-02 -4.350e-02  1.423e-01
   1.000e+00]
 [ 7.000e+00  9.820e-01  2.442e-02  1.573e-02 -4.090e-02  7.240e-02
   1.000e+00]
 [ 0.000e+00  2.033e-01  9.350e-03  3.000e-03 -4.590e-02  1.000e+00
   1.000e+00]
 [-1.000e+00  9.960e-02  8.890e-03  3.120e-03 -4.640e-02  1.000e+00
   1.000e+00]]
 new_outer_values sorted: [[-1.000e+00  9.960e-02  8.890e-03  3.120e-03 -4.640e-02  1.000e+00
   1.000e+00]
 [ 0.000e+00  2.033e-01  9.350e-03  3.000e-03 -4.590e-02  1.000e+00
   1.000e+00]
 [ 0.000e+00  2.033e-01  9.350e-03  3.000e-03 -4.590e-02  1.000e+00
   1.000e+00]
 [ 1.000e+00  3.448e-01  1.011e-02  3.600e-03 -5.390e-02  9.748e-01
   1.000e+00]
 [ 2.000e+00  5.032e-01  1.000e-02  3.570e-03 -6.050e-02  8.648e-01
   1.000e+00]
 [ 3.000e+00  5.978e-01  1.065e-02  3.760e-03 -5.310e-02  6.858e-01
   1.000e+00]
 [ 4.000e+00  6.928e-01  1.254e-02  4.700e-03 -4.810e-02  4.450e-01
   1.000e+00]
 [ 5.000e+00  7.906e-01  1.534e-02  6.760e-03 -4.570e-02  2.626e-01
   1.000e+00]
 [ 6.000e+00  8.881e-01  1.894e-02  1.009e-02 -4.350e-02  1.423e-01
   1.000e+00]
 [ 7.000e+00  9.820e-01  2.442e-02  1.573e-02 -4.090e-02  7.240e-02
   1.000e+00]]
outer_polar: [[[-1.000e+00 -1.000e+00]
  [ 9.060e-02  9.960e-02]
  [ 1.178e-02  8.890e-03]
  [ 4.000e-03  3.120e-03]
  [-4.510e-02 -4.640e-02]
  [ 1.000e+00  1.000e+00]
  [ 1.000e+00  1.000e+00]]

 [[ 0.000e+00  0.000e+00]
  [ 1.923e-01  2.033e-01]
  [ 1.221e-02  9.350e-03]
  [ 3.670e-03  3.000e-03]
  [-4.420e-02 -4.590e-02]
  [ 1.000e+00  1.000e+00]
  [ 1.000e+00  1.000e+00]]

 [[ 0.000e+00  0.000e+00]
  [ 1.923e-01  2.033e-01]
  [ 1.221e-02  9.350e-03]
  [ 3.670e-03  3.000e-03]
  [-4.420e-02 -4.590e-02]
  [ 1.000e+00  1.000e+00]
  [ 1.000e+00  1.000e+00]]

 [[ 1.000e+00  1.000e+00]
  [ 2.904e-01  3.448e-01]
  [ 1.320e-02  1.011e-02]
  [ 4.400e-03  3.600e-03]
  [-4.410e-02 -5.390e-02]
  [ 1.000e+00  9.748e-01]
  [ 1.000e+00  1.000e+00]]

 [[ 2.000e+00  2.000e+00]
  [ 4.373e-01  5.032e-01]
  [ 1.500e-02  1.000e-02]
  [ 6.440e-03  3.570e-03]
  [-5.560e-02 -6.050e-02]
  [ 9.679e-01  8.648e-01]
  [ 1.000e+00  1.000e+00]]

 [[ 3.000e+00  3.000e+00]
  [ 6.121e-01  5.978e-01]
  [ 1.466e-02  1.065e-02]
  [ 6.570e-03  3.760e-03]
  [-6.130e-02 -5.310e-02]
  [ 7.998e-01  6.858e-01]
  [ 1.000e+00  1.000e+00]]

 [[ 4.000e+00  4.000e+00]
  [ 6.983e-01  6.928e-01]
  [ 1.604e-02  1.254e-02]
  [ 7.280e-03  4.700e-03]
  [-5.010e-02 -4.810e-02]
  [ 5.564e-01  4.450e-01]
  [ 1.000e+00  1.000e+00]]

 [[ 5.000e+00  5.000e+00]
  [ 7.905e-01  7.906e-01]
  [ 1.964e-02  1.534e-02]
  [ 9.960e-03  6.760e-03]
  [-4.470e-02 -4.570e-02]
  [ 3.383e-01  2.626e-01]
  [ 1.000e+00  1.000e+00]]

 [[ 6.000e+00  6.000e+00]
  [ 8.858e-01  8.881e-01]
  [ 2.469e-02  1.894e-02]
  [ 1.472e-02  1.009e-02]
  [-4.130e-02 -4.350e-02]
  [ 1.968e-01  1.423e-01]
  [ 1.000e+00  1.000e+00]]

 [[ 7.000e+00  7.000e+00]
  [ 9.796e-01  9.820e-01]
  [ 3.225e-02  2.442e-02]
  [ 2.261e-02  1.573e-02]
  [-3.800e-02 -4.090e-02]
  [ 1.138e-01  7.240e-02]
  [ 1.000e+00  1.000e+00]]]
####################################################################
reynolds: 180000.0
new_inner_values: [[ 0.000e+00  2.100e-01  7.950e-03  2.680e-03 -4.700e-02  1.000e+00
   1.000e+00]
 [ 1.000e+00  3.876e-01  7.970e-03  2.520e-03 -6.000e-02  9.293e-01
   1.000e+00]
 [ 2.000e+00  4.947e-01  8.240e-03  2.500e-03 -5.590e-02  7.979e-01
   1.000e+00]
 [ 3.000e+00  5.926e-01  9.250e-03  2.810e-03 -5.110e-02  6.099e-01
   1.000e+00]
 [ 4.000e+00  6.921e-01  1.115e-02  3.780e-03 -4.830e-02  3.845e-01
   1.000e+00]
 [ 5.000e+00  7.936e-01  1.339e-02  5.510e-03 -4.680e-02  2.249e-01
   1.000e+00]
 [ 6.000e+00  8.932e-01  1.633e-02  8.200e-03 -4.520e-02  1.171e-01
   1.000e+00]
 [ 7.000e+00  9.885e-01  2.060e-02  1.267e-02 -4.280e-02  5.510e-02
   1.000e+00]]
new_inner_values_below_zero: [[ 0.       0.21     0.00795  0.00268 -0.047    1.       1.     ]
 [-1.       0.1049   0.00747  0.00265 -0.0472   1.       1.     ]]
new_inner_values: [[ 0.000e+00  2.100e-01  7.950e-03  2.680e-03 -4.700e-02  1.000e+00
   1.000e+00]
 [ 1.000e+00  3.876e-01  7.970e-03  2.520e-03 -6.000e-02  9.293e-01
   1.000e+00]
 [ 2.000e+00  4.947e-01  8.240e-03  2.500e-03 -5.590e-02  7.979e-01
   1.000e+00]
 [ 3.000e+00  5.926e-01  9.250e-03  2.810e-03 -5.110e-02  6.099e-01
   1.000e+00]
 [ 4.000e+00  6.921e-01  1.115e-02  3.780e-03 -4.830e-02  3.845e-01
   1.000e+00]
 [ 5.000e+00  7.936e-01  1.339e-02  5.510e-03 -4.680e-02  2.249e-01
   1.000e+00]
 [ 6.000e+00  8.932e-01  1.633e-02  8.200e-03 -4.520e-02  1.171e-01
   1.000e+00]
 [ 7.000e+00  9.885e-01  2.060e-02  1.267e-02 -4.280e-02  5.510e-02
   1.000e+00]
 [ 0.000e+00  2.100e-01  7.950e-03  2.680e-03 -4.700e-02  1.000e+00
   1.000e+00]
 [-1.000e+00  1.049e-01  7.470e-03  2.650e-03 -4.720e-02  1.000e+00
   1.000e+00]]
 new_inner_values sorted: [[-1.000e+00  1.049e-01  7.470e-03  2.650e-03 -4.720e-02  1.000e+00
   1.000e+00]
 [ 0.000e+00  2.100e-01  7.950e-03  2.680e-03 -4.700e-02  1.000e+00
   1.000e+00]
 [ 0.000e+00  2.100e-01  7.950e-03  2.680e-03 -4.700e-02  1.000e+00
   1.000e+00]
 [ 1.000e+00  3.876e-01  7.970e-03  2.520e-03 -6.000e-02  9.293e-01
   1.000e+00]
 [ 2.000e+00  4.947e-01  8.240e-03  2.500e-03 -5.590e-02  7.979e-01
   1.000e+00]
 [ 3.000e+00  5.926e-01  9.250e-03  2.810e-03 -5.110e-02  6.099e-01
   1.000e+00]
 [ 4.000e+00  6.921e-01  1.115e-02  3.780e-03 -4.830e-02  3.845e-01
   1.000e+00]
 [ 5.000e+00  7.936e-01  1.339e-02  5.510e-03 -4.680e-02  2.249e-01
   1.000e+00]
 [ 6.000e+00  8.932e-01  1.633e-02  8.200e-03 -4.520e-02  1.171e-01
   1.000e+00]
 [ 7.000e+00  9.885e-01  2.060e-02  1.267e-02 -4.280e-02  5.510e-02
   1.000e+00]]
shape_new_inner_values = (10, 7),shape_inner_polar = (10, 7, 2)
inner_polar = [[[-1.000e+00 -1.000e+00]
  [ 9.060e-02  9.960e-02]
  [ 1.178e-02  8.890e-03]
  [ 4.000e-03  3.120e-03]
  [-4.510e-02 -4.640e-02]
  [ 1.000e+00  1.000e+00]
  [ 1.000e+00  1.000e+00]]

 [[ 0.000e+00  0.000e+00]
  [ 1.923e-01  2.033e-01]
  [ 1.221e-02  9.350e-03]
  [ 3.670e-03  3.000e-03]
  [-4.420e-02 -4.590e-02]
  [ 1.000e+00  1.000e+00]
  [ 1.000e+00  1.000e+00]]

 [[ 0.000e+00  0.000e+00]
  [ 1.923e-01  2.033e-01]
  [ 1.221e-02  9.350e-03]
  [ 3.670e-03  3.000e-03]
  [-4.420e-02 -4.590e-02]
  [ 1.000e+00  1.000e+00]
  [ 1.000e+00  1.000e+00]]

 [[ 1.000e+00  1.000e+00]
  [ 2.904e-01  3.448e-01]
  [ 1.320e-02  1.011e-02]
  [ 4.400e-03  3.600e-03]
  [-4.410e-02 -5.390e-02]
  [ 1.000e+00  9.748e-01]
  [ 1.000e+00  1.000e+00]]

 [[ 2.000e+00  2.000e+00]
  [ 4.373e-01  5.032e-01]
  [ 1.500e-02  1.000e-02]
  [ 6.440e-03  3.570e-03]
  [-5.560e-02 -6.050e-02]
  [ 9.679e-01  8.648e-01]
  [ 1.000e+00  1.000e+00]]

 [[ 3.000e+00  3.000e+00]
  [ 6.121e-01  5.978e-01]
  [ 1.466e-02  1.065e-02]
  [ 6.570e-03  3.760e-03]
  [-6.130e-02 -5.310e-02]
  [ 7.998e-01  6.858e-01]
  [ 1.000e+00  1.000e+00]]

 [[ 4.000e+00  4.000e+00]
  [ 6.983e-01  6.928e-01]
  [ 1.604e-02  1.254e-02]
  [ 7.280e-03  4.700e-03]
  [-5.010e-02 -4.810e-02]
  [ 5.564e-01  4.450e-01]
  [ 1.000e+00  1.000e+00]]

 [[ 5.000e+00  5.000e+00]
  [ 7.905e-01  7.906e-01]
  [ 1.964e-02  1.534e-02]
  [ 9.960e-03  6.760e-03]
  [-4.470e-02 -4.570e-02]
  [ 3.383e-01  2.626e-01]
  [ 1.000e+00  1.000e+00]]

 [[ 6.000e+00  6.000e+00]
  [ 8.858e-01  8.881e-01]
  [ 2.469e-02  1.894e-02]
  [ 1.472e-02  1.009e-02]
  [-4.130e-02 -4.350e-02]
  [ 1.968e-01  1.423e-01]
  [ 1.000e+00  1.000e+00]]

 [[ 7.000e+00  7.000e+00]
  [ 9.796e-01  9.820e-01]
  [ 3.225e-02  2.442e-02]
  [ 2.261e-02  1.573e-02]
  [-3.800e-02 -4.090e-02]
  [ 1.138e-01  7.240e-02]
  [ 1.000e+00  1.000e+00]]]
new_inner_values = [[-1.000e+00  1.049e-01  7.470e-03  2.650e-03 -4.720e-02  1.000e+00
   1.000e+00]
 [ 0.000e+00  2.100e-01  7.950e-03  2.680e-03 -4.700e-02  1.000e+00
   1.000e+00]
 [ 0.000e+00  2.100e-01  7.950e-03  2.680e-03 -4.700e-02  1.000e+00
   1.000e+00]
 [ 1.000e+00  3.876e-01  7.970e-03  2.520e-03 -6.000e-02  9.293e-01
   1.000e+00]
 [ 2.000e+00  4.947e-01  8.240e-03  2.500e-03 -5.590e-02  7.979e-01
   1.000e+00]
 [ 3.000e+00  5.926e-01  9.250e-03  2.810e-03 -5.110e-02  6.099e-01
   1.000e+00]
 [ 4.000e+00  6.921e-01  1.115e-02  3.780e-03 -4.830e-02  3.845e-01
   1.000e+00]
 [ 5.000e+00  7.936e-01  1.339e-02  5.510e-03 -4.680e-02  2.249e-01
   1.000e+00]
 [ 6.000e+00  8.932e-01  1.633e-02  8.200e-03 -4.520e-02  1.171e-01
   1.000e+00]
 [ 7.000e+00  9.885e-01  2.060e-02  1.267e-02 -4.280e-02  5.510e-02
   1.000e+00]]
inner_polar: [[[-1.000e+00 -1.000e+00 -1.000e+00]
  [ 9.060e-02  9.960e-02  1.049e-01]
  [ 1.178e-02  8.890e-03  7.470e-03]
  [ 4.000e-03  3.120e-03  2.650e-03]
  [-4.510e-02 -4.640e-02 -4.720e-02]
  [ 1.000e+00  1.000e+00  1.000e+00]
  [ 1.000e+00  1.000e+00  1.000e+00]]

 [[ 0.000e+00  0.000e+00  0.000e+00]
  [ 1.923e-01  2.033e-01  2.100e-01]
  [ 1.221e-02  9.350e-03  7.950e-03]
  [ 3.670e-03  3.000e-03  2.680e-03]
  [-4.420e-02 -4.590e-02 -4.700e-02]
  [ 1.000e+00  1.000e+00  1.000e+00]
  [ 1.000e+00  1.000e+00  1.000e+00]]

 [[ 0.000e+00  0.000e+00  0.000e+00]
  [ 1.923e-01  2.033e-01  2.100e-01]
  [ 1.221e-02  9.350e-03  7.950e-03]
  [ 3.670e-03  3.000e-03  2.680e-03]
  [-4.420e-02 -4.590e-02 -4.700e-02]
  [ 1.000e+00  1.000e+00  1.000e+00]
  [ 1.000e+00  1.000e+00  1.000e+00]]

 [[ 1.000e+00  1.000e+00  1.000e+00]
  [ 2.904e-01  3.448e-01  3.876e-01]
  [ 1.320e-02  1.011e-02  7.970e-03]
  [ 4.400e-03  3.600e-03  2.520e-03]
  [-4.410e-02 -5.390e-02 -6.000e-02]
  [ 1.000e+00  9.748e-01  9.293e-01]
  [ 1.000e+00  1.000e+00  1.000e+00]]

 [[ 2.000e+00  2.000e+00  2.000e+00]
  [ 4.373e-01  5.032e-01  4.947e-01]
  [ 1.500e-02  1.000e-02  8.240e-03]
  [ 6.440e-03  3.570e-03  2.500e-03]
  [-5.560e-02 -6.050e-02 -5.590e-02]
  [ 9.679e-01  8.648e-01  7.979e-01]
  [ 1.000e+00  1.000e+00  1.000e+00]]

 [[ 3.000e+00  3.000e+00  3.000e+00]
  [ 6.121e-01  5.978e-01  5.926e-01]
  [ 1.466e-02  1.065e-02  9.250e-03]
  [ 6.570e-03  3.760e-03  2.810e-03]
  [-6.130e-02 -5.310e-02 -5.110e-02]
  [ 7.998e-01  6.858e-01  6.099e-01]
  [ 1.000e+00  1.000e+00  1.000e+00]]

 [[ 4.000e+00  4.000e+00  4.000e+00]
  [ 6.983e-01  6.928e-01  6.921e-01]
  [ 1.604e-02  1.254e-02  1.115e-02]
  [ 7.280e-03  4.700e-03  3.780e-03]
  [-5.010e-02 -4.810e-02 -4.830e-02]
  [ 5.564e-01  4.450e-01  3.845e-01]
  [ 1.000e+00  1.000e+00  1.000e+00]]

 [[ 5.000e+00  5.000e+00  5.000e+00]
  [ 7.905e-01  7.906e-01  7.936e-01]
  [ 1.964e-02  1.534e-02  1.339e-02]
  [ 9.960e-03  6.760e-03  5.510e-03]
  [-4.470e-02 -4.570e-02 -4.680e-02]
  [ 3.383e-01  2.626e-01  2.249e-01]
  [ 1.000e+00  1.000e+00  1.000e+00]]

 [[ 6.000e+00  6.000e+00  6.000e+00]
  [ 8.858e-01  8.881e-01  8.932e-01]
  [ 2.469e-02  1.894e-02  1.633e-02]
  [ 1.472e-02  1.009e-02  8.200e-03]
  [-4.130e-02 -4.350e-02 -4.520e-02]
  [ 1.968e-01  1.423e-01  1.171e-01]
  [ 1.000e+00  1.000e+00  1.000e+00]]

 [[ 7.000e+00  7.000e+00  7.000e+00]
  [ 9.796e-01  9.820e-01  9.885e-01]
  [ 3.225e-02  2.442e-02  2.060e-02]
  [ 2.261e-02  1.573e-02  1.267e-02]
  [-3.800e-02 -4.090e-02 -4.280e-02]
  [ 1.138e-01  7.240e-02  5.510e-02]
  [ 1.000e+00  1.000e+00  1.000e+00]]]
new_outer_values: [[ 0.000e+00  2.100e-01  7.950e-03  2.680e-03 -4.700e-02  1.000e+00
   1.000e+00]
 [ 1.000e+00  3.876e-01  7.970e-03  2.520e-03 -6.000e-02  9.293e-01
   1.000e+00]
 [ 2.000e+00  4.947e-01  8.240e-03  2.500e-03 -5.590e-02  7.979e-01
   1.000e+00]
 [ 3.000e+00  5.926e-01  9.250e-03  2.810e-03 -5.110e-02  6.099e-01
   1.000e+00]
 [ 4.000e+00  6.921e-01  1.115e-02  3.780e-03 -4.830e-02  3.845e-01
   1.000e+00]
 [ 5.000e+00  7.936e-01  1.339e-02  5.510e-03 -4.680e-02  2.249e-01
   1.000e+00]
 [ 6.000e+00  8.932e-01  1.633e-02  8.200e-03 -4.520e-02  1.171e-01
   1.000e+00]
 [ 7.000e+00  9.885e-01  2.060e-02  1.267e-02 -4.280e-02  5.510e-02
   1.000e+00]]
new_outer_values_below_zero: [[ 0.       0.21     0.00795  0.00268 -0.047    1.       1.     ]
 [-1.       0.1049   0.00747  0.00265 -0.0472   1.       1.     ]]
new_outer_values: [[ 0.000e+00  2.100e-01  7.950e-03  2.680e-03 -4.700e-02  1.000e+00
   1.000e+00]
 [ 1.000e+00  3.876e-01  7.970e-03  2.520e-03 -6.000e-02  9.293e-01
   1.000e+00]
 [ 2.000e+00  4.947e-01  8.240e-03  2.500e-03 -5.590e-02  7.979e-01
   1.000e+00]
 [ 3.000e+00  5.926e-01  9.250e-03  2.810e-03 -5.110e-02  6.099e-01
   1.000e+00]
 [ 4.000e+00  6.921e-01  1.115e-02  3.780e-03 -4.830e-02  3.845e-01
   1.000e+00]
 [ 5.000e+00  7.936e-01  1.339e-02  5.510e-03 -4.680e-02  2.249e-01
   1.000e+00]
 [ 6.000e+00  8.932e-01  1.633e-02  8.200e-03 -4.520e-02  1.171e-01
   1.000e+00]
 [ 7.000e+00  9.885e-01  2.060e-02  1.267e-02 -4.280e-02  5.510e-02
   1.000e+00]
 [ 0.000e+00  2.100e-01  7.950e-03  2.680e-03 -4.700e-02  1.000e+00
   1.000e+00]
 [-1.000e+00  1.049e-01  7.470e-03  2.650e-03 -4.720e-02  1.000e+00
   1.000e+00]]
 new_outer_values sorted: [[-1.000e+00  1.049e-01  7.470e-03  2.650e-03 -4.720e-02  1.000e+00
   1.000e+00]
 [ 0.000e+00  2.100e-01  7.950e-03  2.680e-03 -4.700e-02  1.000e+00
   1.000e+00]
 [ 0.000e+00  2.100e-01  7.950e-03  2.680e-03 -4.700e-02  1.000e+00
   1.000e+00]
 [ 1.000e+00  3.876e-01  7.970e-03  2.520e-03 -6.000e-02  9.293e-01
   1.000e+00]
 [ 2.000e+00  4.947e-01  8.240e-03  2.500e-03 -5.590e-02  7.979e-01
   1.000e+00]
 [ 3.000e+00  5.926e-01  9.250e-03  2.810e-03 -5.110e-02  6.099e-01
   1.000e+00]
 [ 4.000e+00  6.921e-01  1.115e-02  3.780e-03 -4.830e-02  3.845e-01
   1.000e+00]
 [ 5.000e+00  7.936e-01  1.339e-02  5.510e-03 -4.680e-02  2.249e-01
   1.000e+00]
 [ 6.000e+00  8.932e-01  1.633e-02  8.200e-03 -4.520e-02  1.171e-01
   1.000e+00]
 [ 7.000e+00  9.885e-01  2.060e-02  1.267e-02 -4.280e-02  5.510e-02
   1.000e+00]]
outer_polar: [[[-1.000e+00 -1.000e+00 -1.000e+00]
  [ 9.060e-02  9.960e-02  1.049e-01]
  [ 1.178e-02  8.890e-03  7.470e-03]
  [ 4.000e-03  3.120e-03  2.650e-03]
  [-4.510e-02 -4.640e-02 -4.720e-02]
  [ 1.000e+00  1.000e+00  1.000e+00]
  [ 1.000e+00  1.000e+00  1.000e+00]]

 [[ 0.000e+00  0.000e+00  0.000e+00]
  [ 1.923e-01  2.033e-01  2.100e-01]
  [ 1.221e-02  9.350e-03  7.950e-03]
  [ 3.670e-03  3.000e-03  2.680e-03]
  [-4.420e-02 -4.590e-02 -4.700e-02]
  [ 1.000e+00  1.000e+00  1.000e+00]
  [ 1.000e+00  1.000e+00  1.000e+00]]

 [[ 0.000e+00  0.000e+00  0.000e+00]
  [ 1.923e-01  2.033e-01  2.100e-01]
  [ 1.221e-02  9.350e-03  7.950e-03]
  [ 3.670e-03  3.000e-03  2.680e-03]
  [-4.420e-02 -4.590e-02 -4.700e-02]
  [ 1.000e+00  1.000e+00  1.000e+00]
  [ 1.000e+00  1.000e+00  1.000e+00]]

 [[ 1.000e+00  1.000e+00  1.000e+00]
  [ 2.904e-01  3.448e-01  3.876e-01]
  [ 1.320e-02  1.011e-02  7.970e-03]
  [ 4.400e-03  3.600e-03  2.520e-03]
  [-4.410e-02 -5.390e-02 -6.000e-02]
  [ 1.000e+00  9.748e-01  9.293e-01]
  [ 1.000e+00  1.000e+00  1.000e+00]]

 [[ 2.000e+00  2.000e+00  2.000e+00]
  [ 4.373e-01  5.032e-01  4.947e-01]
  [ 1.500e-02  1.000e-02  8.240e-03]
  [ 6.440e-03  3.570e-03  2.500e-03]
  [-5.560e-02 -6.050e-02 -5.590e-02]
  [ 9.679e-01  8.648e-01  7.979e-01]
  [ 1.000e+00  1.000e+00  1.000e+00]]

 [[ 3.000e+00  3.000e+00  3.000e+00]
  [ 6.121e-01  5.978e-01  5.926e-01]
  [ 1.466e-02  1.065e-02  9.250e-03]
  [ 6.570e-03  3.760e-03  2.810e-03]
  [-6.130e-02 -5.310e-02 -5.110e-02]
  [ 7.998e-01  6.858e-01  6.099e-01]
  [ 1.000e+00  1.000e+00  1.000e+00]]

 [[ 4.000e+00  4.000e+00  4.000e+00]
  [ 6.983e-01  6.928e-01  6.921e-01]
  [ 1.604e-02  1.254e-02  1.115e-02]
  [ 7.280e-03  4.700e-03  3.780e-03]
  [-5.010e-02 -4.810e-02 -4.830e-02]
  [ 5.564e-01  4.450e-01  3.845e-01]
  [ 1.000e+00  1.000e+00  1.000e+00]]

 [[ 5.000e+00  5.000e+00  5.000e+00]
  [ 7.905e-01  7.906e-01  7.936e-01]
  [ 1.964e-02  1.534e-02  1.339e-02]
  [ 9.960e-03  6.760e-03  5.510e-03]
  [-4.470e-02 -4.570e-02 -4.680e-02]
  [ 3.383e-01  2.626e-01  2.249e-01]
  [ 1.000e+00  1.000e+00  1.000e+00]]

 [[ 6.000e+00  6.000e+00  6.000e+00]
  [ 8.858e-01  8.881e-01  8.932e-01]
  [ 2.469e-02  1.894e-02  1.633e-02]
  [ 1.472e-02  1.009e-02  8.200e-03]
  [-4.130e-02 -4.350e-02 -4.520e-02]
  [ 1.968e-01  1.423e-01  1.171e-01]
  [ 1.000e+00  1.000e+00  1.000e+00]]

 [[ 7.000e+00  7.000e+00  7.000e+00]
  [ 9.796e-01  9.820e-01  9.885e-01]
  [ 3.225e-02  2.442e-02  2.060e-02]
  [ 2.261e-02  1.573e-02  1.267e-02]
  [-3.800e-02 -4.090e-02 -4.280e-02]
  [ 1.138e-01  7.240e-02  5.510e-02]
  [ 1.000e+00  1.000e+00  1.000e+00]]]
####################################################################
reynolds: 235000.0
new_inner_values: [[ 0.000e+00  2.500e-01  6.840e-03  2.180e-03 -5.450e-02  9.777e-01
   1.000e+00]
 [ 1.000e+00  3.895e-01  6.830e-03  1.930e-03 -5.860e-02  8.876e-01
   1.000e+00]
 [ 2.000e+00  4.890e-01  7.390e-03  1.980e-03 -5.380e-02  7.473e-01
   1.000e+00]
 [ 3.000e+00  5.902e-01  8.540e-03  2.340e-03 -5.050e-02  5.513e-01
   1.000e+00]
 [ 4.000e+00  6.926e-01  1.032e-02  3.310e-03 -4.870e-02  3.453e-01
   1.000e+00]
 [ 5.000e+00  7.961e-01  1.226e-02  4.810e-03 -4.760e-02  2.006e-01
   1.000e+00]
 [ 6.000e+00  8.973e-01  1.481e-02  7.120e-03 -4.630e-02  1.024e-01
   1.000e+00]
 [ 7.000e+00  9.945e-01  1.839e-02  1.087e-02 -4.420e-02  4.510e-02
   1.000e+00]]
new_inner_values_below_zero: [[ 0.       0.25     0.00684  0.00218 -0.0545   0.9777   1.     ]
 [-1.       0.1087   0.00659  0.00238 -0.0478   1.       1.     ]]
new_inner_values: [[ 0.000e+00  2.500e-01  6.840e-03  2.180e-03 -5.450e-02  9.777e-01
   1.000e+00]
 [ 1.000e+00  3.895e-01  6.830e-03  1.930e-03 -5.860e-02  8.876e-01
   1.000e+00]
 [ 2.000e+00  4.890e-01  7.390e-03  1.980e-03 -5.380e-02  7.473e-01
   1.000e+00]
 [ 3.000e+00  5.902e-01  8.540e-03  2.340e-03 -5.050e-02  5.513e-01
   1.000e+00]
 [ 4.000e+00  6.926e-01  1.032e-02  3.310e-03 -4.870e-02  3.453e-01
   1.000e+00]
 [ 5.000e+00  7.961e-01  1.226e-02  4.810e-03 -4.760e-02  2.006e-01
   1.000e+00]
 [ 6.000e+00  8.973e-01  1.481e-02  7.120e-03 -4.630e-02  1.024e-01
   1.000e+00]
 [ 7.000e+00  9.945e-01  1.839e-02  1.087e-02 -4.420e-02  4.510e-02
   1.000e+00]
 [ 0.000e+00  2.500e-01  6.840e-03  2.180e-03 -5.450e-02  9.777e-01
   1.000e+00]
 [-1.000e+00  1.087e-01  6.590e-03  2.380e-03 -4.780e-02  1.000e+00
   1.000e+00]]
 new_inner_values sorted: [[-1.000e+00  1.087e-01  6.590e-03  2.380e-03 -4.780e-02  1.000e+00
   1.000e+00]
 [ 0.000e+00  2.500e-01  6.840e-03  2.180e-03 -5.450e-02  9.777e-01
   1.000e+00]
 [ 0.000e+00  2.500e-01  6.840e-03  2.180e-03 -5.450e-02  9.777e-01
   1.000e+00]
 [ 1.000e+00  3.895e-01  6.830e-03  1.930e-03 -5.860e-02  8.876e-01
   1.000e+00]
 [ 2.000e+00  4.890e-01  7.390e-03  1.980e-03 -5.380e-02  7.473e-01
   1.000e+00]
 [ 3.000e+00  5.902e-01  8.540e-03  2.340e-03 -5.050e-02  5.513e-01
   1.000e+00]
 [ 4.000e+00  6.926e-01  1.032e-02  3.310e-03 -4.870e-02  3.453e-01
   1.000e+00]
 [ 5.000e+00  7.961e-01  1.226e-02  4.810e-03 -4.760e-02  2.006e-01
   1.000e+00]
 [ 6.000e+00  8.973e-01  1.481e-02  7.120e-03 -4.630e-02  1.024e-01
   1.000e+00]
 [ 7.000e+00  9.945e-01  1.839e-02  1.087e-02 -4.420e-02  4.510e-02
   1.000e+00]]
shape_new_inner_values = (10, 7),shape_inner_polar = (10, 7, 3)
inner_polar = [[[-1.000e+00 -1.000e+00 -1.000e+00]
  [ 9.060e-02  9.960e-02  1.049e-01]
  [ 1.178e-02  8.890e-03  7.470e-03]
  [ 4.000e-03  3.120e-03  2.650e-03]
  [-4.510e-02 -4.640e-02 -4.720e-02]
  [ 1.000e+00  1.000e+00  1.000e+00]
  [ 1.000e+00  1.000e+00  1.000e+00]]

 [[ 0.000e+00  0.000e+00  0.000e+00]
  [ 1.923e-01  2.033e-01  2.100e-01]
  [ 1.221e-02  9.350e-03  7.950e-03]
  [ 3.670e-03  3.000e-03  2.680e-03]
  [-4.420e-02 -4.590e-02 -4.700e-02]
  [ 1.000e+00  1.000e+00  1.000e+00]
  [ 1.000e+00  1.000e+00  1.000e+00]]

 [[ 0.000e+00  0.000e+00  0.000e+00]
  [ 1.923e-01  2.033e-01  2.100e-01]
  [ 1.221e-02  9.350e-03  7.950e-03]
  [ 3.670e-03  3.000e-03  2.680e-03]
  [-4.420e-02 -4.590e-02 -4.700e-02]
  [ 1.000e+00  1.000e+00  1.000e+00]
  [ 1.000e+00  1.000e+00  1.000e+00]]

 [[ 1.000e+00  1.000e+00  1.000e+00]
  [ 2.904e-01  3.448e-01  3.876e-01]
  [ 1.320e-02  1.011e-02  7.970e-03]
  [ 4.400e-03  3.600e-03  2.520e-03]
  [-4.410e-02 -5.390e-02 -6.000e-02]
  [ 1.000e+00  9.748e-01  9.293e-01]
  [ 1.000e+00  1.000e+00  1.000e+00]]

 [[ 2.000e+00  2.000e+00  2.000e+00]
  [ 4.373e-01  5.032e-01  4.947e-01]
  [ 1.500e-02  1.000e-02  8.240e-03]
  [ 6.440e-03  3.570e-03  2.500e-03]
  [-5.560e-02 -6.050e-02 -5.590e-02]
  [ 9.679e-01  8.648e-01  7.979e-01]
  [ 1.000e+00  1.000e+00  1.000e+00]]

 [[ 3.000e+00  3.000e+00  3.000e+00]
  [ 6.121e-01  5.978e-01  5.926e-01]
  [ 1.466e-02  1.065e-02  9.250e-03]
  [ 6.570e-03  3.760e-03  2.810e-03]
  [-6.130e-02 -5.310e-02 -5.110e-02]
  [ 7.998e-01  6.858e-01  6.099e-01]
  [ 1.000e+00  1.000e+00  1.000e+00]]

 [[ 4.000e+00  4.000e+00  4.000e+00]
  [ 6.983e-01  6.928e-01  6.921e-01]
  [ 1.604e-02  1.254e-02  1.115e-02]
  [ 7.280e-03  4.700e-03  3.780e-03]
  [-5.010e-02 -4.810e-02 -4.830e-02]
  [ 5.564e-01  4.450e-01  3.845e-01]
  [ 1.000e+00  1.000e+00  1.000e+00]]

 [[ 5.000e+00  5.000e+00  5.000e+00]
  [ 7.905e-01  7.906e-01  7.936e-01]
  [ 1.964e-02  1.534e-02  1.339e-02]
  [ 9.960e-03  6.760e-03  5.510e-03]
  [-4.470e-02 -4.570e-02 -4.680e-02]
  [ 3.383e-01  2.626e-01  2.249e-01]
  [ 1.000e+00  1.000e+00  1.000e+00]]

 [[ 6.000e+00  6.000e+00  6.000e+00]
  [ 8.858e-01  8.881e-01  8.932e-01]
  [ 2.469e-02  1.894e-02  1.633e-02]
  [ 1.472e-02  1.009e-02  8.200e-03]
  [-4.130e-02 -4.350e-02 -4.520e-02]
  [ 1.968e-01  1.423e-01  1.171e-01]
  [ 1.000e+00  1.000e+00  1.000e+00]]

 [[ 7.000e+00  7.000e+00  7.000e+00]
  [ 9.796e-01  9.820e-01  9.885e-01]
  [ 3.225e-02  2.442e-02  2.060e-02]
  [ 2.261e-02  1.573e-02  1.267e-02]
  [-3.800e-02 -4.090e-02 -4.280e-02]
  [ 1.138e-01  7.240e-02  5.510e-02]
  [ 1.000e+00  1.000e+00  1.000e+00]]]
new_inner_values = [[-1.000e+00  1.087e-01  6.590e-03  2.380e-03 -4.780e-02  1.000e+00
   1.000e+00]
 [ 0.000e+00  2.500e-01  6.840e-03  2.180e-03 -5.450e-02  9.777e-01
   1.000e+00]
 [ 0.000e+00  2.500e-01  6.840e-03  2.180e-03 -5.450e-02  9.777e-01
   1.000e+00]
 [ 1.000e+00  3.895e-01  6.830e-03  1.930e-03 -5.860e-02  8.876e-01
   1.000e+00]
 [ 2.000e+00  4.890e-01  7.390e-03  1.980e-03 -5.380e-02  7.473e-01
   1.000e+00]
 [ 3.000e+00  5.902e-01  8.540e-03  2.340e-03 -5.050e-02  5.513e-01
   1.000e+00]
 [ 4.000e+00  6.926e-01  1.032e-02  3.310e-03 -4.870e-02  3.453e-01
   1.000e+00]
 [ 5.000e+00  7.961e-01  1.226e-02  4.810e-03 -4.760e-02  2.006e-01
   1.000e+00]
 [ 6.000e+00  8.973e-01  1.481e-02  7.120e-03 -4.630e-02  1.024e-01
   1.000e+00]
 [ 7.000e+00  9.945e-01  1.839e-02  1.087e-02 -4.420e-02  4.510e-02
   1.000e+00]]
inner_polar: [[[-1.000e+00 -1.000e+00 -1.000e+00 -1.000e+00]
  [ 9.060e-02  9.960e-02  1.049e-01  1.087e-01]
  [ 1.178e-02  8.890e-03  7.470e-03  6.590e-03]
  [ 4.000e-03  3.120e-03  2.650e-03  2.380e-03]
  [-4.510e-02 -4.640e-02 -4.720e-02 -4.780e-02]
  [ 1.000e+00  1.000e+00  1.000e+00  1.000e+00]
  [ 1.000e+00  1.000e+00  1.000e+00  1.000e+00]]

 [[ 0.000e+00  0.000e+00  0.000e+00  0.000e+00]
  [ 1.923e-01  2.033e-01  2.100e-01  2.500e-01]
  [ 1.221e-02  9.350e-03  7.950e-03  6.840e-03]
  [ 3.670e-03  3.000e-03  2.680e-03  2.180e-03]
  [-4.420e-02 -4.590e-02 -4.700e-02 -5.450e-02]
  [ 1.000e+00  1.000e+00  1.000e+00  9.777e-01]
  [ 1.000e+00  1.000e+00  1.000e+00  1.000e+00]]

 [[ 0.000e+00  0.000e+00  0.000e+00  0.000e+00]
  [ 1.923e-01  2.033e-01  2.100e-01  2.500e-01]
  [ 1.221e-02  9.350e-03  7.950e-03  6.840e-03]
  [ 3.670e-03  3.000e-03  2.680e-03  2.180e-03]
  [-4.420e-02 -4.590e-02 -4.700e-02 -5.450e-02]
  [ 1.000e+00  1.000e+00  1.000e+00  9.777e-01]
  [ 1.000e+00  1.000e+00  1.000e+00  1.000e+00]]

 [[ 1.000e+00  1.000e+00  1.000e+00  1.000e+00]
  [ 2.904e-01  3.448e-01  3.876e-01  3.895e-01]
  [ 1.320e-02  1.011e-02  7.970e-03  6.830e-03]
  [ 4.400e-03  3.600e-03  2.520e-03  1.930e-03]
  [-4.410e-02 -5.390e-02 -6.000e-02 -5.860e-02]
  [ 1.000e+00  9.748e-01  9.293e-01  8.876e-01]
  [ 1.000e+00  1.000e+00  1.000e+00  1.000e+00]]

 [[ 2.000e+00  2.000e+00  2.000e+00  2.000e+00]
  [ 4.373e-01  5.032e-01  4.947e-01  4.890e-01]
  [ 1.500e-02  1.000e-02  8.240e-03  7.390e-03]
  [ 6.440e-03  3.570e-03  2.500e-03  1.980e-03]
  [-5.560e-02 -6.050e-02 -5.590e-02 -5.380e-02]
  [ 9.679e-01  8.648e-01  7.979e-01  7.473e-01]
  [ 1.000e+00  1.000e+00  1.000e+00  1.000e+00]]

 [[ 3.000e+00  3.000e+00  3.000e+00  3.000e+00]
  [ 6.121e-01  5.978e-01  5.926e-01  5.902e-01]
  [ 1.466e-02  1.065e-02  9.250e-03  8.540e-03]
  [ 6.570e-03  3.760e-03  2.810e-03  2.340e-03]
  [-6.130e-02 -5.310e-02 -5.110e-02 -5.050e-02]
  [ 7.998e-01  6.858e-01  6.099e-01  5.513e-01]
  [ 1.000e+00  1.000e+00  1.000e+00  1.000e+00]]

 [[ 4.000e+00  4.000e+00  4.000e+00  4.000e+00]
  [ 6.983e-01  6.928e-01  6.921e-01  6.926e-01]
  [ 1.604e-02  1.254e-02  1.115e-02  1.032e-02]
  [ 7.280e-03  4.700e-03  3.780e-03  3.310e-03]
  [-5.010e-02 -4.810e-02 -4.830e-02 -4.870e-02]
  [ 5.564e-01  4.450e-01  3.845e-01  3.453e-01]
  [ 1.000e+00  1.000e+00  1.000e+00  1.000e+00]]

 [[ 5.000e+00  5.000e+00  5.000e+00  5.000e+00]
  [ 7.905e-01  7.906e-01  7.936e-01  7.961e-01]
  [ 1.964e-02  1.534e-02  1.339e-02  1.226e-02]
  [ 9.960e-03  6.760e-03  5.510e-03  4.810e-03]
  [-4.470e-02 -4.570e-02 -4.680e-02 -4.760e-02]
  [ 3.383e-01  2.626e-01  2.249e-01  2.006e-01]
  [ 1.000e+00  1.000e+00  1.000e+00  1.000e+00]]

 [[ 6.000e+00  6.000e+00  6.000e+00  6.000e+00]
  [ 8.858e-01  8.881e-01  8.932e-01  8.973e-01]
  [ 2.469e-02  1.894e-02  1.633e-02  1.481e-02]
  [ 1.472e-02  1.009e-02  8.200e-03  7.120e-03]
  [-4.130e-02 -4.350e-02 -4.520e-02 -4.630e-02]
  [ 1.968e-01  1.423e-01  1.171e-01  1.024e-01]
  [ 1.000e+00  1.000e+00  1.000e+00  1.000e+00]]

 [[ 7.000e+00  7.000e+00  7.000e+00  7.000e+00]
  [ 9.796e-01  9.820e-01  9.885e-01  9.945e-01]
  [ 3.225e-02  2.442e-02  2.060e-02  1.839e-02]
  [ 2.261e-02  1.573e-02  1.267e-02  1.087e-02]
  [-3.800e-02 -4.090e-02 -4.280e-02 -4.420e-02]
  [ 1.138e-01  7.240e-02  5.510e-02  4.510e-02]
  [ 1.000e+00  1.000e+00  1.000e+00  1.000e+00]]]
new_outer_values: [[ 0.000e+00  2.500e-01  6.840e-03  2.180e-03 -5.450e-02  9.777e-01
   1.000e+00]
 [ 1.000e+00  3.895e-01  6.830e-03  1.930e-03 -5.860e-02  8.876e-01
   1.000e+00]
 [ 2.000e+00  4.890e-01  7.390e-03  1.980e-03 -5.380e-02  7.473e-01
   1.000e+00]
 [ 3.000e+00  5.902e-01  8.540e-03  2.340e-03 -5.050e-02  5.513e-01
   1.000e+00]
 [ 4.000e+00  6.926e-01  1.032e-02  3.310e-03 -4.870e-02  3.453e-01
   1.000e+00]
 [ 5.000e+00  7.961e-01  1.226e-02  4.810e-03 -4.760e-02  2.006e-01
   1.000e+00]
 [ 6.000e+00  8.973e-01  1.481e-02  7.120e-03 -4.630e-02  1.024e-01
   1.000e+00]
 [ 7.000e+00  9.945e-01  1.839e-02  1.087e-02 -4.420e-02  4.510e-02
   1.000e+00]]
new_outer_values_below_zero: [[ 0.       0.25     0.00684  0.00218 -0.0545   0.9777   1.     ]
 [-1.       0.1087   0.00659  0.00238 -0.0478   1.       1.     ]]
new_outer_values: [[ 0.000e+00  2.500e-01  6.840e-03  2.180e-03 -5.450e-02  9.777e-01
   1.000e+00]
